000006 026131
000007 002370
000010 002770
000011 003370
000012 143400
000013 005766
000014 021022
000015 003766
000016 013757
000017 037431
000020 021012
000021 026051
000022 003766
000023 013760
000024 021426
000025 026015
000026 002770
000027 014401
000030 026012
000031 017412
000032 037450
000033 015412
000034 003370
000035 015001
000036 005767
000037 004366
000040 002366
000041 062301
000042 004361
000043 002366
000044 062303
000045 010361
000046 010367
000047 026012
000050 021012
000051 020454
000052 172000
000053 014001
000054 004365
000055 026132
000056 002370
000057 002770
000060 003370
000061 143400
000062 005766
000063 021071
000064 003766
000065 013757
000066 037500
000067 021061
000070 026120
000071 003766
000072 013760
000073 021475
000074 026064
000075 002770
000076 014401
000077 026061
000100 017412
000101 037517
000102 015412
000103 003370
000104 015001
000105 005767
000106 004366
000107 002366
000110 062301
000111 004361
000112 002366
000113 062303
000114 010361
000115 010367
000116 026061
000117 021061
000120 020523
000121 172000
000122 014001
000123 004371
000124 003373
000125 021160
000126 003370
000127 005373
000130 026136
000131 026007
000132 003370
000133 015001
000134 005373
000135 026056
000136 002371
000137 004363
000140 002363
000141 012365
000142 036145
000143 172000
000144 014001
000145 004362
000146 003370
000147 015023
000150 005364
000151 003364
000152 021201
000153 017001
000154 005364
000155 003370
000156 005373
000157 026056
000160 002371
000161 004367
000162 002367
000163 012365
000164 036167
000165 172000
000166 014001
000167 004361
000170 002762
000171 003361
000172 013362
000173 037200
000174 003361
000175 005362
000176 003767
000177 005763
000200 026151
000201 002363
000202 036211
000203 003760
000204 145401
000205 002763
000206 172400
000207 014401
000210 026212
000211 002763
000212 012770
000213 022617
000214 003757
000215 145401
000216 000000
000217 003370
000220 015001
000221 004766
000222 002366
000223 016012
000224 036226
000225 026245
000226 002366
000227 003770
000230 015412
000231 162300
000232 004366
000233 005367
000234 002367
000235 062301
000236 004361
000237 002367
000240 062303
000241 010361
000242 004367
000243 003367
000244 026222
000245 005367
000246 004766
000247 002366
000250 003367
000251 162200
000252 004361
000253 005366
000254 002766
000255 003367
000256 002370
000257 014012
000260 163000
000261 002361
000262 004367
000263 003757
000264 011767
000265 145401
000266 013370
000267 023245
000270 000000
000357 000060
000360 000055
000361 000000
000362 000000
000363 000000
000364 000000
000365 000000
000366 000000
000367 000000
000370 000000
000371 000000
000372 000000
000373 000000