                      LOC 6                   ; Begin Program Code at Address 6
000006   102433         LDX 1, PARA_PTR     ; X1 points to start of Paragraph
000007   006000         LDA 0, 0, 0         ; Clear R0
000010   002100         LDR 0, 1, 0         ; Load char from Paragraph (X1) into R0
000011   020021         JZ  0, 0, INPUT_INIT ; If char is 0 (NULL terminator), done printing
000012   144001         OUT 0, 1            ; Output char to Printer (DevID 1)
000013   104422         STX 1, TEMP_X
000014   003422         LDR 3, 0, TEMP_X
000015   015401         AIR 3, 1
000016   005422         STR 3, 0, TEMP_X
000017   102422         LDX 1, TEMP_X
000020   026010         JMA 0, PRINT_LOOP   ; Loop back
000021   103034         LDX 2, WORD_PTR     ; X2 points to Search Word Buffer
000022   142000         IN 0, 0             ; Input from Keyboard (DevID 0) to R0
000023   144001         OUT 0, 1            ; Echo input to Printer
000024   004024         STR 0, 0, TEMP_CHAR ; Store input to temp for comparison
000025   103430         LDX 3, ENTER_KEY    ; Load address of Enter Key constant
000026   012300         SMR 0, 3, 0         ; R0 = R0 - 13
000027   020000         JZ  0, 0, SEARCH_SETUP ; If Enter pressed, start search
000030   002024         LDR 0, 0, TEMP_CHAR ; Reload original char
000031   004200         STR 0, 2, 0         ; Store R0 into Word Buffer (X2)
000032   105022         STX 2, TEMP_X
000033   003422         LDR 3, 0, TEMP_X
000034   015401         AIR 3, 1
000035   005422         STR 3, 0, TEMP_X
000036   103022         LDX 2, TEMP_X
000037   026022         JMA 0, READ_LOOP    ; Continue reading
000040   006000         LDA 0, 0, 0
000041   004200         STR 0, 2, 0
000042   102433         LDX 1, PARA_PTR     ; X1 = Paragraph Start
000043   007100         LDA 2, 1, 0         ; R2 = Sentence Counter (Start at 1)
000044   007500         LDA 3, 1, 0         ; R3 = Word Counter (Start at 1)
000045   002100         LDR 0, 1, 0         ; Load Paragraph Char
000046   020005         JZ  0, 0, NOT_FOUND ; If NULL, end of text, word not found
000047   004024         STR 0, 0, TEMP_CHAR
000050   102031         LDX 0, PERIOD_KEY   ; Load Period Constant Address
000051   002424         LDR 1, 0, TEMP_CHAR ; Reload char
000052   012400         SMR 1, 0, 0         ; Compare
000053   020427         JZ  1, 0, INC_SENT  ; If '.', go to increment sentence
000054   002424         LDR 1, 0, TEMP_CHAR
000055   102032         LDX 0, SPACE_KEY
000056   012400         SMR 1, 0, 0
000057   020432         JZ  1, 0, INC_WORD  ; If ' ', go to increment word
000060   002424         LDR 1, 0, TEMP_CHAR
000061   103034         LDX 2, WORD_PTR     ; X2 = Start of Search Word
000062   002200         LDR 0, 2, 0         ; Load 1st char of Search Word
000063   004025         STR 0, 0, TEMP_COMP ; Store Word char to temp
000064   012425         SMR 1, 0, TEMP_COMP ; Subtract
000065   020434         JZ  1, 0, CHECK_FULL ; If first char matches, check full word
000066   026022         JMA 0, NEXT_CHAR    ; Otherwise, move to next char
000067   015001         AIR 2, 1            ; Sentence Count ++
000070   007500         LDA 3, 1, 0         ; Reset Word Count to 1
000071   026022         JMA 0, NEXT_CHAR
000072   015401         AIR 3, 1            ; Word Count ++
000073   026022         JMA 0, NEXT_CHAR
000074   104426         STX 1, SAVE_X1
000075   105027         STX 2, SAVE_X2      ; X2 is currently at Word start
000076   104422         STX 1, TEMP_X
000077   002022         LDR 0, 0, TEMP_X
000100   014001         AIR 0, 1
000101   004022         STR 0, 0, TEMP_X
000102   102422         LDX 1, TEMP_X
000103   105022         STX 2, TEMP_X
000104   002022         LDR 0, 0, TEMP_X
000105   014001         AIR 0, 1
000106   004022         STR 0, 0, TEMP_X
000107   103022         LDX 2, TEMP_X
000110   002100         LDR 0, 1, 0         ; Next Para Char
000111   002600         LDR 1, 2, 0         ; Next Word Char
000112   020430         JZ  1, 0, FOUND_MATCH
000113   020017         JZ  0, 0, RESET_SEARCH
000114   004425         STR 1, 0, TEMP_COMP
000115   012025         SMR 0, 0, TEMP_COMP
000116   020036         JZ  0, 0, CHECK_LOOP ; If equal, keep checking
000117   102426         LDX 1, SAVE_X1      ; Restore X1 to where we started checking
000120   103034         LDX 2, WORD_PTR     ; Restore X2
000121   026022         JMA 0, NEXT_CHAR
000122   104422         STX 1, TEMP_X
000123   002022         LDR 0, 0, TEMP_X
000124   014001         AIR 0, 1
000125   004022         STR 0, 0, TEMP_X
000126   102422         LDX 1, TEMP_X
000127   026005         JMA 0, SEARCH_MAIN_LOOP
000130   103035         LDX 2, STR_FOUND
000131   030010         JSR 0, PRINT_STR
000132   103034         LDX 2, WORD_PTR
000133   030010         JSR 0, PRINT_STR
000134   103036         LDX 2, STR_SENT
000135   030010         JSR 0, PRINT_STR
000136   015020         AIR 2, 48
000137   145001         OUT 2, 1
000140   103037         LDX 2, STR_WORD
000141   030010         JSR 0, PRINT_STR
000142   015420         AIR 3, 48
000143   145401         OUT 3, 1
000144   000000         HLT                 ; End Program
000145   103000         LDX 2, STR_NOTFOUND
000146   030010         JSR 0, PRINT_STR
000147   000000         HLT
000150   002200         LDR 0, 2, 0
000151   020021         JZ  0, 0, RFS_RET
000152   144001         OUT 0, 1
000153   105023         STX 2, TEMP_X2
000154   002023         LDR 0, 0, TEMP_X2
000155   014001         AIR 0, 1
000156   004023         STR 0, 0, TEMP_X2
000157   103023         LDX 2, TEMP_X2
000160   026010         JMA 0, PRINT_STR
000161   032000         RFS 0               ; Return from Subroutine (R0=Link)
000162   000000   TEMP_X: TEMP_X:      Data 0
000163   000000   TEMP_X2: TEMP_X2:     Data 0
000164   000000   TEMP_CHAR: TEMP_CHAR:   Data 0
000165   000000   TEMP_COMP: TEMP_COMP:   Data 0
000166   000000   SAVE_X1: SAVE_X1:     Data 0
000167   000000   SAVE_X2: SAVE_X2:     Data 0
000170   000015   ENTER_KEY: ENTER_KEY:   Data 13    ; CR
000171   000056   PERIOD_KEY: PERIOD_KEY:  Data 46    ; .
000172   000040   SPACE_KEY: SPACE_KEY:   Data 32    ; Space
000173   001750   PARA_PTR: PARA_PTR:    Data 1000
000174   003720   WORD_PTR: WORD_PTR:    Data 2000
000175   000106   STR_FOUND: STR_FOUND:   Data 70, 79, 85, 78, 68, 58, 32, 0         ; "FOUND: "
000176   000117   STR_FOUND: STR_FOUND:   Data 70, 79, 85, 78, 68, 58, 32, 0         ; "FOUND: "
000177   000125   STR_FOUND: STR_FOUND:   Data 70, 79, 85, 78, 68, 58, 32, 0         ; "FOUND: "
000200   000116   STR_FOUND: STR_FOUND:   Data 70, 79, 85, 78, 68, 58, 32, 0         ; "FOUND: "
000201   000104   STR_FOUND: STR_FOUND:   Data 70, 79, 85, 78, 68, 58, 32, 0         ; "FOUND: "
000202   000072   STR_FOUND: STR_FOUND:   Data 70, 79, 85, 78, 68, 58, 32, 0         ; "FOUND: "
000203   000040   STR_FOUND: STR_FOUND:   Data 70, 79, 85, 78, 68, 58, 32, 0         ; "FOUND: "
000204   000000   STR_FOUND: STR_FOUND:   Data 70, 79, 85, 78, 68, 58, 32, 0         ; "FOUND: "
000176   000040   STR_SENT: STR_SENT:    Data 32, 83, 69, 78, 84, 58, 32, 0         ; " SENT: "
000177   000123   STR_SENT: STR_SENT:    Data 32, 83, 69, 78, 84, 58, 32, 0         ; " SENT: "
000200   000105   STR_SENT: STR_SENT:    Data 32, 83, 69, 78, 84, 58, 32, 0         ; " SENT: "
000201   000116   STR_SENT: STR_SENT:    Data 32, 83, 69, 78, 84, 58, 32, 0         ; " SENT: "
000202   000124   STR_SENT: STR_SENT:    Data 32, 83, 69, 78, 84, 58, 32, 0         ; " SENT: "
000203   000072   STR_SENT: STR_SENT:    Data 32, 83, 69, 78, 84, 58, 32, 0         ; " SENT: "
000204   000040   STR_SENT: STR_SENT:    Data 32, 83, 69, 78, 84, 58, 32, 0         ; " SENT: "
000205   000000   STR_SENT: STR_SENT:    Data 32, 83, 69, 78, 84, 58, 32, 0         ; " SENT: "
000177   000040   STR_WORD: STR_WORD:    Data 32, 87, 79, 82, 68, 58, 32, 0         ; " WORD: "
000200   000127   STR_WORD: STR_WORD:    Data 32, 87, 79, 82, 68, 58, 32, 0         ; " WORD: "
000201   000117   STR_WORD: STR_WORD:    Data 32, 87, 79, 82, 68, 58, 32, 0         ; " WORD: "
000202   000122   STR_WORD: STR_WORD:    Data 32, 87, 79, 82, 68, 58, 32, 0         ; " WORD: "
000203   000104   STR_WORD: STR_WORD:    Data 32, 87, 79, 82, 68, 58, 32, 0         ; " WORD: "
000204   000072   STR_WORD: STR_WORD:    Data 32, 87, 79, 82, 68, 58, 32, 0         ; " WORD: "
000205   000040   STR_WORD: STR_WORD:    Data 32, 87, 79, 82, 68, 58, 32, 0         ; " WORD: "
000206   000000   STR_WORD: STR_WORD:    Data 32, 87, 79, 82, 68, 58, 32, 0         ; " WORD: "
000200   000116   STR_NOTFOUND: STR_NOTFOUND: Data 78, 79, 84, 32, 70, 79, 85, 78, 68, 0 ; "NOT FOUND"
000201   000117   STR_NOTFOUND: STR_NOTFOUND: Data 78, 79, 84, 32, 70, 79, 85, 78, 68, 0 ; "NOT FOUND"
000202   000124   STR_NOTFOUND: STR_NOTFOUND: Data 78, 79, 84, 32, 70, 79, 85, 78, 68, 0 ; "NOT FOUND"
000203   000040   STR_NOTFOUND: STR_NOTFOUND: Data 78, 79, 84, 32, 70, 79, 85, 78, 68, 0 ; "NOT FOUND"
000204   000106   STR_NOTFOUND: STR_NOTFOUND: Data 78, 79, 84, 32, 70, 79, 85, 78, 68, 0 ; "NOT FOUND"
000205   000117   STR_NOTFOUND: STR_NOTFOUND: Data 78, 79, 84, 32, 70, 79, 85, 78, 68, 0 ; "NOT FOUND"
000206   000125   STR_NOTFOUND: STR_NOTFOUND: Data 78, 79, 84, 32, 70, 79, 85, 78, 68, 0 ; "NOT FOUND"
000207   000116   STR_NOTFOUND: STR_NOTFOUND: Data 78, 79, 84, 32, 70, 79, 85, 78, 68, 0 ; "NOT FOUND"
000210   000104   STR_NOTFOUND: STR_NOTFOUND: Data 78, 79, 84, 32, 70, 79, 85, 78, 68, 0 ; "NOT FOUND"
000211   000000   STR_NOTFOUND: STR_NOTFOUND: Data 78, 79, 84, 32, 70, 79, 85, 78, 68, 0 ; "NOT FOUND"
                      LOC 1000
001750   000124         Data 84, 104, 101, 32, 99, 97, 116, 46, 32, 84, 104, 101, 32, 100, 111, 103, 46, 32, 73, 116, 32, 114, 97, 110, 46, 32, 83, 117, 110, 32, 104, 111, 116, 46, 32, 83, 107, 121, 32, 98, 108, 117, 101, 46, 32, 84, 104, 101, 32, 69, 110, 100, 46, 0
001751   000150         Data 84, 104, 101, 32, 99, 97, 116, 46, 32, 84, 104, 101, 32, 100, 111, 103, 46, 32, 73, 116, 32, 114, 97, 110, 46, 32, 83, 117, 110, 32, 104, 111, 116, 46, 32, 83, 107, 121, 32, 98, 108, 117, 101, 46, 32, 84, 104, 101, 32, 69, 110, 100, 46, 0
001752   000145         Data 84, 104, 101, 32, 99, 97, 116, 46, 32, 84, 104, 101, 32, 100, 111, 103, 46, 32, 73, 116, 32, 114, 97, 110, 46, 32, 83, 117, 110, 32, 104, 111, 116, 46, 32, 83, 107, 121, 32, 98, 108, 117, 101, 46, 32, 84, 104, 101, 32, 69, 110, 100, 46, 0
001753   000040         Data 84, 104, 101, 32, 99, 97, 116, 46, 32, 84, 104, 101, 32, 100, 111, 103, 46, 32, 73, 116, 32, 114, 97, 110, 46, 32, 83, 117, 110, 32, 104, 111, 116, 46, 32, 83, 107, 121, 32, 98, 108, 117, 101, 46, 32, 84, 104, 101, 32, 69, 110, 100, 46, 0
001754   000143         Data 84, 104, 101, 32, 99, 97, 116, 46, 32, 84, 104, 101, 32, 100, 111, 103, 46, 32, 73, 116, 32, 114, 97, 110, 46, 32, 83, 117, 110, 32, 104, 111, 116, 46, 32, 83, 107, 121, 32, 98, 108, 117, 101, 46, 32, 84, 104, 101, 32, 69, 110, 100, 46, 0
001755   000141         Data 84, 104, 101, 32, 99, 97, 116, 46, 32, 84, 104, 101, 32, 100, 111, 103, 46, 32, 73, 116, 32, 114, 97, 110, 46, 32, 83, 117, 110, 32, 104, 111, 116, 46, 32, 83, 107, 121, 32, 98, 108, 117, 101, 46, 32, 84, 104, 101, 32, 69, 110, 100, 46, 0
001756   000164         Data 84, 104, 101, 32, 99, 97, 116, 46, 32, 84, 104, 101, 32, 100, 111, 103, 46, 32, 73, 116, 32, 114, 97, 110, 46, 32, 83, 117, 110, 32, 104, 111, 116, 46, 32, 83, 107, 121, 32, 98, 108, 117, 101, 46, 32, 84, 104, 101, 32, 69, 110, 100, 46, 0
001757   000056         Data 84, 104, 101, 32, 99, 97, 116, 46, 32, 84, 104, 101, 32, 100, 111, 103, 46, 32, 73, 116, 32, 114, 97, 110, 46, 32, 83, 117, 110, 32, 104, 111, 116, 46, 32, 83, 107, 121, 32, 98, 108, 117, 101, 46, 32, 84, 104, 101, 32, 69, 110, 100, 46, 0
001760   000040         Data 84, 104, 101, 32, 99, 97, 116, 46, 32, 84, 104, 101, 32, 100, 111, 103, 46, 32, 73, 116, 32, 114, 97, 110, 46, 32, 83, 117, 110, 32, 104, 111, 116, 46, 32, 83, 107, 121, 32, 98, 108, 117, 101, 46, 32, 84, 104, 101, 32, 69, 110, 100, 46, 0
001761   000124         Data 84, 104, 101, 32, 99, 97, 116, 46, 32, 84, 104, 101, 32, 100, 111, 103, 46, 32, 73, 116, 32, 114, 97, 110, 46, 32, 83, 117, 110, 32, 104, 111, 116, 46, 32, 83, 107, 121, 32, 98, 108, 117, 101, 46, 32, 84, 104, 101, 32, 69, 110, 100, 46, 0
001762   000150         Data 84, 104, 101, 32, 99, 97, 116, 46, 32, 84, 104, 101, 32, 100, 111, 103, 46, 32, 73, 116, 32, 114, 97, 110, 46, 32, 83, 117, 110, 32, 104, 111, 116, 46, 32, 83, 107, 121, 32, 98, 108, 117, 101, 46, 32, 84, 104, 101, 32, 69, 110, 100, 46, 0
001763   000145         Data 84, 104, 101, 32, 99, 97, 116, 46, 32, 84, 104, 101, 32, 100, 111, 103, 46, 32, 73, 116, 32, 114, 97, 110, 46, 32, 83, 117, 110, 32, 104, 111, 116, 46, 32, 83, 107, 121, 32, 98, 108, 117, 101, 46, 32, 84, 104, 101, 32, 69, 110, 100, 46, 0
001764   000040         Data 84, 104, 101, 32, 99, 97, 116, 46, 32, 84, 104, 101, 32, 100, 111, 103, 46, 32, 73, 116, 32, 114, 97, 110, 46, 32, 83, 117, 110, 32, 104, 111, 116, 46, 32, 83, 107, 121, 32, 98, 108, 117, 101, 46, 32, 84, 104, 101, 32, 69, 110, 100, 46, 0
001765   000144         Data 84, 104, 101, 32, 99, 97, 116, 46, 32, 84, 104, 101, 32, 100, 111, 103, 46, 32, 73, 116, 32, 114, 97, 110, 46, 32, 83, 117, 110, 32, 104, 111, 116, 46, 32, 83, 107, 121, 32, 98, 108, 117, 101, 46, 32, 84, 104, 101, 32, 69, 110, 100, 46, 0
001766   000157         Data 84, 104, 101, 32, 99, 97, 116, 46, 32, 84, 104, 101, 32, 100, 111, 103, 46, 32, 73, 116, 32, 114, 97, 110, 46, 32, 83, 117, 110, 32, 104, 111, 116, 46, 32, 83, 107, 121, 32, 98, 108, 117, 101, 46, 32, 84, 104, 101, 32, 69, 110, 100, 46, 0
001767   000147         Data 84, 104, 101, 32, 99, 97, 116, 46, 32, 84, 104, 101, 32, 100, 111, 103, 46, 32, 73, 116, 32, 114, 97, 110, 46, 32, 83, 117, 110, 32, 104, 111, 116, 46, 32, 83, 107, 121, 32, 98, 108, 117, 101, 46, 32, 84, 104, 101, 32, 69, 110, 100, 46, 0
001770   000056         Data 84, 104, 101, 32, 99, 97, 116, 46, 32, 84, 104, 101, 32, 100, 111, 103, 46, 32, 73, 116, 32, 114, 97, 110, 46, 32, 83, 117, 110, 32, 104, 111, 116, 46, 32, 83, 107, 121, 32, 98, 108, 117, 101, 46, 32, 84, 104, 101, 32, 69, 110, 100, 46, 0
001771   000040         Data 84, 104, 101, 32, 99, 97, 116, 46, 32, 84, 104, 101, 32, 100, 111, 103, 46, 32, 73, 116, 32, 114, 97, 110, 46, 32, 83, 117, 110, 32, 104, 111, 116, 46, 32, 83, 107, 121, 32, 98, 108, 117, 101, 46, 32, 84, 104, 101, 32, 69, 110, 100, 46, 0
001772   000111         Data 84, 104, 101, 32, 99, 97, 116, 46, 32, 84, 104, 101, 32, 100, 111, 103, 46, 32, 73, 116, 32, 114, 97, 110, 46, 32, 83, 117, 110, 32, 104, 111, 116, 46, 32, 83, 107, 121, 32, 98, 108, 117, 101, 46, 32, 84, 104, 101, 32, 69, 110, 100, 46, 0
001773   000164         Data 84, 104, 101, 32, 99, 97, 116, 46, 32, 84, 104, 101, 32, 100, 111, 103, 46, 32, 73, 116, 32, 114, 97, 110, 46, 32, 83, 117, 110, 32, 104, 111, 116, 46, 32, 83, 107, 121, 32, 98, 108, 117, 101, 46, 32, 84, 104, 101, 32, 69, 110, 100, 46, 0
001774   000040         Data 84, 104, 101, 32, 99, 97, 116, 46, 32, 84, 104, 101, 32, 100, 111, 103, 46, 32, 73, 116, 32, 114, 97, 110, 46, 32, 83, 117, 110, 32, 104, 111, 116, 46, 32, 83, 107, 121, 32, 98, 108, 117, 101, 46, 32, 84, 104, 101, 32, 69, 110, 100, 46, 0
001775   000162         Data 84, 104, 101, 32, 99, 97, 116, 46, 32, 84, 104, 101, 32, 100, 111, 103, 46, 32, 73, 116, 32, 114, 97, 110, 46, 32, 83, 117, 110, 32, 104, 111, 116, 46, 32, 83, 107, 121, 32, 98, 108, 117, 101, 46, 32, 84, 104, 101, 32, 69, 110, 100, 46, 0
001776   000141         Data 84, 104, 101, 32, 99, 97, 116, 46, 32, 84, 104, 101, 32, 100, 111, 103, 46, 32, 73, 116, 32, 114, 97, 110, 46, 32, 83, 117, 110, 32, 104, 111, 116, 46, 32, 83, 107, 121, 32, 98, 108, 117, 101, 46, 32, 84, 104, 101, 32, 69, 110, 100, 46, 0
001777   000156         Data 84, 104, 101, 32, 99, 97, 116, 46, 32, 84, 104, 101, 32, 100, 111, 103, 46, 32, 73, 116, 32, 114, 97, 110, 46, 32, 83, 117, 110, 32, 104, 111, 116, 46, 32, 83, 107, 121, 32, 98, 108, 117, 101, 46, 32, 84, 104, 101, 32, 69, 110, 100, 46, 0
002000   000056         Data 84, 104, 101, 32, 99, 97, 116, 46, 32, 84, 104, 101, 32, 100, 111, 103, 46, 32, 73, 116, 32, 114, 97, 110, 46, 32, 83, 117, 110, 32, 104, 111, 116, 46, 32, 83, 107, 121, 32, 98, 108, 117, 101, 46, 32, 84, 104, 101, 32, 69, 110, 100, 46, 0
002001   000040         Data 84, 104, 101, 32, 99, 97, 116, 46, 32, 84, 104, 101, 32, 100, 111, 103, 46, 32, 73, 116, 32, 114, 97, 110, 46, 32, 83, 117, 110, 32, 104, 111, 116, 46, 32, 83, 107, 121, 32, 98, 108, 117, 101, 46, 32, 84, 104, 101, 32, 69, 110, 100, 46, 0
002002   000123         Data 84, 104, 101, 32, 99, 97, 116, 46, 32, 84, 104, 101, 32, 100, 111, 103, 46, 32, 73, 116, 32, 114, 97, 110, 46, 32, 83, 117, 110, 32, 104, 111, 116, 46, 32, 83, 107, 121, 32, 98, 108, 117, 101, 46, 32, 84, 104, 101, 32, 69, 110, 100, 46, 0
002003   000165         Data 84, 104, 101, 32, 99, 97, 116, 46, 32, 84, 104, 101, 32, 100, 111, 103, 46, 32, 73, 116, 32, 114, 97, 110, 46, 32, 83, 117, 110, 32, 104, 111, 116, 46, 32, 83, 107, 121, 32, 98, 108, 117, 101, 46, 32, 84, 104, 101, 32, 69, 110, 100, 46, 0
002004   000156         Data 84, 104, 101, 32, 99, 97, 116, 46, 32, 84, 104, 101, 32, 100, 111, 103, 46, 32, 73, 116, 32, 114, 97, 110, 46, 32, 83, 117, 110, 32, 104, 111, 116, 46, 32, 83, 107, 121, 32, 98, 108, 117, 101, 46, 32, 84, 104, 101, 32, 69, 110, 100, 46, 0
002005   000040         Data 84, 104, 101, 32, 99, 97, 116, 46, 32, 84, 104, 101, 32, 100, 111, 103, 46, 32, 73, 116, 32, 114, 97, 110, 46, 32, 83, 117, 110, 32, 104, 111, 116, 46, 32, 83, 107, 121, 32, 98, 108, 117, 101, 46, 32, 84, 104, 101, 32, 69, 110, 100, 46, 0
002006   000150         Data 84, 104, 101, 32, 99, 97, 116, 46, 32, 84, 104, 101, 32, 100, 111, 103, 46, 32, 73, 116, 32, 114, 97, 110, 46, 32, 83, 117, 110, 32, 104, 111, 116, 46, 32, 83, 107, 121, 32, 98, 108, 117, 101, 46, 32, 84, 104, 101, 32, 69, 110, 100, 46, 0
002007   000157         Data 84, 104, 101, 32, 99, 97, 116, 46, 32, 84, 104, 101, 32, 100, 111, 103, 46, 32, 73, 116, 32, 114, 97, 110, 46, 32, 83, 117, 110, 32, 104, 111, 116, 46, 32, 83, 107, 121, 32, 98, 108, 117, 101, 46, 32, 84, 104, 101, 32, 69, 110, 100, 46, 0
002010   000164         Data 84, 104, 101, 32, 99, 97, 116, 46, 32, 84, 104, 101, 32, 100, 111, 103, 46, 32, 73, 116, 32, 114, 97, 110, 46, 32, 83, 117, 110, 32, 104, 111, 116, 46, 32, 83, 107, 121, 32, 98, 108, 117, 101, 46, 32, 84, 104, 101, 32, 69, 110, 100, 46, 0
002011   000056         Data 84, 104, 101, 32, 99, 97, 116, 46, 32, 84, 104, 101, 32, 100, 111, 103, 46, 32, 73, 116, 32, 114, 97, 110, 46, 32, 83, 117, 110, 32, 104, 111, 116, 46, 32, 83, 107, 121, 32, 98, 108, 117, 101, 46, 32, 84, 104, 101, 32, 69, 110, 100, 46, 0
002012   000040         Data 84, 104, 101, 32, 99, 97, 116, 46, 32, 84, 104, 101, 32, 100, 111, 103, 46, 32, 73, 116, 32, 114, 97, 110, 46, 32, 83, 117, 110, 32, 104, 111, 116, 46, 32, 83, 107, 121, 32, 98, 108, 117, 101, 46, 32, 84, 104, 101, 32, 69, 110, 100, 46, 0
002013   000123         Data 84, 104, 101, 32, 99, 97, 116, 46, 32, 84, 104, 101, 32, 100, 111, 103, 46, 32, 73, 116, 32, 114, 97, 110, 46, 32, 83, 117, 110, 32, 104, 111, 116, 46, 32, 83, 107, 121, 32, 98, 108, 117, 101, 46, 32, 84, 104, 101, 32, 69, 110, 100, 46, 0
002014   000153         Data 84, 104, 101, 32, 99, 97, 116, 46, 32, 84, 104, 101, 32, 100, 111, 103, 46, 32, 73, 116, 32, 114, 97, 110, 46, 32, 83, 117, 110, 32, 104, 111, 116, 46, 32, 83, 107, 121, 32, 98, 108, 117, 101, 46, 32, 84, 104, 101, 32, 69, 110, 100, 46, 0
002015   000171         Data 84, 104, 101, 32, 99, 97, 116, 46, 32, 84, 104, 101, 32, 100, 111, 103, 46, 32, 73, 116, 32, 114, 97, 110, 46, 32, 83, 117, 110, 32, 104, 111, 116, 46, 32, 83, 107, 121, 32, 98, 108, 117, 101, 46, 32, 84, 104, 101, 32, 69, 110, 100, 46, 0
002016   000040         Data 84, 104, 101, 32, 99, 97, 116, 46, 32, 84, 104, 101, 32, 100, 111, 103, 46, 32, 73, 116, 32, 114, 97, 110, 46, 32, 83, 117, 110, 32, 104, 111, 116, 46, 32, 83, 107, 121, 32, 98, 108, 117, 101, 46, 32, 84, 104, 101, 32, 69, 110, 100, 46, 0
002017   000142         Data 84, 104, 101, 32, 99, 97, 116, 46, 32, 84, 104, 101, 32, 100, 111, 103, 46, 32, 73, 116, 32, 114, 97, 110, 46, 32, 83, 117, 110, 32, 104, 111, 116, 46, 32, 83, 107, 121, 32, 98, 108, 117, 101, 46, 32, 84, 104, 101, 32, 69, 110, 100, 46, 0
002020   000154         Data 84, 104, 101, 32, 99, 97, 116, 46, 32, 84, 104, 101, 32, 100, 111, 103, 46, 32, 73, 116, 32, 114, 97, 110, 46, 32, 83, 117, 110, 32, 104, 111, 116, 46, 32, 83, 107, 121, 32, 98, 108, 117, 101, 46, 32, 84, 104, 101, 32, 69, 110, 100, 46, 0
002021   000165         Data 84, 104, 101, 32, 99, 97, 116, 46, 32, 84, 104, 101, 32, 100, 111, 103, 46, 32, 73, 116, 32, 114, 97, 110, 46, 32, 83, 117, 110, 32, 104, 111, 116, 46, 32, 83, 107, 121, 32, 98, 108, 117, 101, 46, 32, 84, 104, 101, 32, 69, 110, 100, 46, 0
002022   000145         Data 84, 104, 101, 32, 99, 97, 116, 46, 32, 84, 104, 101, 32, 100, 111, 103, 46, 32, 73, 116, 32, 114, 97, 110, 46, 32, 83, 117, 110, 32, 104, 111, 116, 46, 32, 83, 107, 121, 32, 98, 108, 117, 101, 46, 32, 84, 104, 101, 32, 69, 110, 100, 46, 0
002023   000056         Data 84, 104, 101, 32, 99, 97, 116, 46, 32, 84, 104, 101, 32, 100, 111, 103, 46, 32, 73, 116, 32, 114, 97, 110, 46, 32, 83, 117, 110, 32, 104, 111, 116, 46, 32, 83, 107, 121, 32, 98, 108, 117, 101, 46, 32, 84, 104, 101, 32, 69, 110, 100, 46, 0
002024   000040         Data 84, 104, 101, 32, 99, 97, 116, 46, 32, 84, 104, 101, 32, 100, 111, 103, 46, 32, 73, 116, 32, 114, 97, 110, 46, 32, 83, 117, 110, 32, 104, 111, 116, 46, 32, 83, 107, 121, 32, 98, 108, 117, 101, 46, 32, 84, 104, 101, 32, 69, 110, 100, 46, 0
002025   000124         Data 84, 104, 101, 32, 99, 97, 116, 46, 32, 84, 104, 101, 32, 100, 111, 103, 46, 32, 73, 116, 32, 114, 97, 110, 46, 32, 83, 117, 110, 32, 104, 111, 116, 46, 32, 83, 107, 121, 32, 98, 108, 117, 101, 46, 32, 84, 104, 101, 32, 69, 110, 100, 46, 0
002026   000150         Data 84, 104, 101, 32, 99, 97, 116, 46, 32, 84, 104, 101, 32, 100, 111, 103, 46, 32, 73, 116, 32, 114, 97, 110, 46, 32, 83, 117, 110, 32, 104, 111, 116, 46, 32, 83, 107, 121, 32, 98, 108, 117, 101, 46, 32, 84, 104, 101, 32, 69, 110, 100, 46, 0
002027   000145         Data 84, 104, 101, 32, 99, 97, 116, 46, 32, 84, 104, 101, 32, 100, 111, 103, 46, 32, 73, 116, 32, 114, 97, 110, 46, 32, 83, 117, 110, 32, 104, 111, 116, 46, 32, 83, 107, 121, 32, 98, 108, 117, 101, 46, 32, 84, 104, 101, 32, 69, 110, 100, 46, 0
002030   000040         Data 84, 104, 101, 32, 99, 97, 116, 46, 32, 84, 104, 101, 32, 100, 111, 103, 46, 32, 73, 116, 32, 114, 97, 110, 46, 32, 83, 117, 110, 32, 104, 111, 116, 46, 32, 83, 107, 121, 32, 98, 108, 117, 101, 46, 32, 84, 104, 101, 32, 69, 110, 100, 46, 0
002031   000105         Data 84, 104, 101, 32, 99, 97, 116, 46, 32, 84, 104, 101, 32, 100, 111, 103, 46, 32, 73, 116, 32, 114, 97, 110, 46, 32, 83, 117, 110, 32, 104, 111, 116, 46, 32, 83, 107, 121, 32, 98, 108, 117, 101, 46, 32, 84, 104, 101, 32, 69, 110, 100, 46, 0
002032   000156         Data 84, 104, 101, 32, 99, 97, 116, 46, 32, 84, 104, 101, 32, 100, 111, 103, 46, 32, 73, 116, 32, 114, 97, 110, 46, 32, 83, 117, 110, 32, 104, 111, 116, 46, 32, 83, 107, 121, 32, 98, 108, 117, 101, 46, 32, 84, 104, 101, 32, 69, 110, 100, 46, 0
002033   000144         Data 84, 104, 101, 32, 99, 97, 116, 46, 32, 84, 104, 101, 32, 100, 111, 103, 46, 32, 73, 116, 32, 114, 97, 110, 46, 32, 83, 117, 110, 32, 104, 111, 116, 46, 32, 83, 107, 121, 32, 98, 108, 117, 101, 46, 32, 84, 104, 101, 32, 69, 110, 100, 46, 0
002034   000056         Data 84, 104, 101, 32, 99, 97, 116, 46, 32, 84, 104, 101, 32, 100, 111, 103, 46, 32, 73, 116, 32, 114, 97, 110, 46, 32, 83, 117, 110, 32, 104, 111, 116, 46, 32, 83, 107, 121, 32, 98, 108, 117, 101, 46, 32, 84, 104, 101, 32, 69, 110, 100, 46, 0
002035   000000         Data 84, 104, 101, 32, 99, 97, 116, 46, 32, 84, 104, 101, 32, 100, 111, 103, 46, 32, 73, 116, 32, 114, 97, 110, 46, 32, 83, 117, 110, 32, 104, 111, 116, 46, 32, 83, 107, 121, 32, 98, 108, 117, 101, 46, 32, 84, 104, 101, 32, 69, 110, 100, 46, 0
                      LOC 2000
003720   000000         Data 0, 0, 0, 0, 0, 0, 0, 0, 0, 0 ; Reserve space for input
003721   000000         Data 0, 0, 0, 0, 0, 0, 0, 0, 0, 0 ; Reserve space for input
003722   000000         Data 0, 0, 0, 0, 0, 0, 0, 0, 0, 0 ; Reserve space for input
003723   000000         Data 0, 0, 0, 0, 0, 0, 0, 0, 0, 0 ; Reserve space for input
003724   000000         Data 0, 0, 0, 0, 0, 0, 0, 0, 0, 0 ; Reserve space for input
003725   000000         Data 0, 0, 0, 0, 0, 0, 0, 0, 0, 0 ; Reserve space for input
003726   000000         Data 0, 0, 0, 0, 0, 0, 0, 0, 0, 0 ; Reserve space for input
003727   000000         Data 0, 0, 0, 0, 0, 0, 0, 0, 0, 0 ; Reserve space for input
003730   000000         Data 0, 0, 0, 0, 0, 0, 0, 0, 0, 0 ; Reserve space for input
003731   000000         Data 0, 0, 0, 0, 0, 0, 0, 0, 0, 0 ; Reserve space for input
