000006   102433
000007   006000
000010   002100
000011   020021
000012   144001
000013   104422
000014   003422
000015   015401
000016   005422
000017   102422
000020   026010
000021   103034
000022   142000
000023   144001
000024   004024
000025   103430
000026   012300
000027   020000
000030   002024
000031   004200
000032   105022
000033   003422
000034   015401
000035   005422
000036   103022
000037   026022
000040   006000
000041   004200
000042   102433
000043   007100
000044   007500
000045   002100
000046   020005
000047   004024
000050   102031
000051   002424
000052   012400
000053   020427
000054   002424
000055   102032
000056   012400
000057   020432
000060   002424
000061   103034
000062   002200
000063   004025
000064   012425
000065   020434
000066   026022
000067   015001
000070   007500
000071   026022
000072   015401
000073   026022
000074   104426
000075   105027
000076   104422
000077   002022
000100   014001
000101   004022
000102   102422
000103   105022
000104   002022
000105   014001
000106   004022
000107   103022
000110   002100
000111   002600
000112   020430
000113   020017
000114   004425
000115   012025
000116   020036
000117   102426
000120   103034
000121   026022
000122   104422
000123   002022
000124   014001
000125   004022
000126   102422
000127   026005
000130   103035
000131   030010
000132   103034
000133   030010
000134   103036
000135   030010
000136   015020
000137   145001
000140   103037
000141   030010
000142   015420
000143   145401
000144   000000
000145   103000
000146   030010
000147   000000
000150   002200
000151   020021
000152   144001
000153   105023
000154   002023
000155   014001
000156   004023
000157   103023
000160   026010
000161   032000
000162   000000
000163   000000
000164   000000
000165   000000
000166   000000
000167   000000
000170   000015
000171   000056
000172   000040
000173   001750
000174   003720
000175   000106
000176   000117
000177   000125
000200   000116
000201   000104
000202   000072
000203   000040
000204   000000
000176   000040
000177   000123
000200   000105
000201   000116
000202   000124
000203   000072
000204   000040
000205   000000
000177   000040
000200   000127
000201   000117
000202   000122
000203   000104
000204   000072
000205   000040
000206   000000
000200   000116
000201   000117
000202   000124
000203   000040
000204   000106
000205   000117
000206   000125
000207   000116
000210   000104
000211   000000
001750   000124
001751   000150
001752   000145
001753   000040
001754   000143
001755   000141
001756   000164
001757   000056
001760   000040
001761   000124
001762   000150
001763   000145
001764   000040
001765   000144
001766   000157
001767   000147
001770   000056
001771   000040
001772   000111
001773   000164
001774   000040
001775   000162
001776   000141
001777   000156
002000   000056
002001   000040
002002   000123
002003   000165
002004   000156
002005   000040
002006   000150
002007   000157
002010   000164
002011   000056
002012   000040
002013   000123
002014   000153
002015   000171
002016   000040
002017   000142
002020   000154
002021   000165
002022   000145
002023   000056
002024   000040
002025   000124
002026   000150
002027   000145
002030   000040
002031   000105
002032   000156
002033   000144
002034   000056
002035   000000
003720   000000
003721   000000
003722   000000
003723   000000
003724   000000
003725   000000
003726   000000
003727   000000
003730   000000
003731   000000
